PANID	WEEK	UNITS	OUTLET	DOLLARS	IRI_KEY	COLUPC
1116699	1115	1	DR	1.99	8003059	11111305060
1184655	1114	1	DR	1.99	8046669	11111305060
1313346	1126	1	DR	2.99	8003043	11111305070
1406819	1114	1	DR	1.99	8003043	11111305070
1406819	1114	1	DR	3.99	8003043	11111305070
1148213	1163	2	DR	6.48	8003059	11111305070
1180844	1155	2	DR	4.98	8003059	11111305120
1222786	1125	1	DR	2.49	8046669	11111305120
1222786	1125	1	DR	2.5	8046669	11111305120
1122747	1137	2	DR	4.48	8003042	11111305120
1312843	1137	1	DR	2.24	8003042	11111305120
1202507	1144	1	DR	2.24	642166	11111311420
1145052	1124	1	DR	2.99	642166	11111311430
1145318	1119	1	DR	2.99	8003042	11111311430
1185801	1129	1	DR	2.99	650679	11111311430
1217729	1132	1	DR	2.24	8000583	11111311430
1305375	1143	1	DR	2.24	8003042	11111311450
1312017	1127	1	DR	2.99	642166	11111364750
1205732	1143	1	DR	2.24	8000583	11111364750
1310995	1132	1	DR	2.49	650679	13500008078
3399311	1148	1	DR	3.29	651444	13500008542
1108464	1149	1	DR	1.93	8003043	13500055300
1108464	1149	1	DR	1.79	8003043	13500055300
1128496	1128	1	DR	0.99	8003043	13500055300
1137273	1128	2	DR	2.92	8003043	13500055300
1227017	1121	1	DR	0.99	8003043	13500055300
1227017	1121	1	DR	0.99	8003043	13500055300
1227017	1121	1	DR	0.99	8003043	13500055300
1227017	1121	1	DR	0.99	8003043	13500055300
1111542	1127	1	DR	0.99	8003059	13500055300
1111542	1127	1	DR	0.99	8003059	13500055300
1187773	1149	2	DR	3.72	8003059	13500055300
1226704	1143	1	DR	1.79	8003059	13500055300
1198317	1149	2	DR	3.86	8046669	13500055300
1220376	1128	3	DR	3.9	8046669	13500055300
1230805	1155	2	DR	3.6	8046669	13500055300
1402479	1149	2	DR	3.72	8046669	13500055300
1114413	1143	1	DR	1.79	8003043	13500055322
1219154	1121	1	DR	0.99	8003043	13500055322
1219154	1121	1	DR	0.99	8003043	13500055322
1102012	1165	1	DR	1.79	8003059	13500055322
1111971	1116	1	DR	0.99	8003059	13500055322
1111971	1116	1	DR	0.99	8003059	13500055322
1116699	1144	1	DR	1.79	8003059	13500055322
1116699	1144	1	DR	1.79	8003059	13500055322
1134114	1144	1	DR	1.79	8046669	13500055322
1134114	1144	1	DR	1.79	8046669	13500055322
1139683	1144	1	DR	1.79	8046669	13500055322
1140053	1121	2	DR	1.98	8046669	13500055322
1145441	1128	2	DR	1.98	8046669	13500055322
1198317	1149	1	DR	1.79	8046669	13500055322
1219154	1121	1	DR	0.99	8046669	13500055322
1219154	1121	1	DR	0.99	8046669	13500055322
1220376	1116	4	DR	4.96	8046669	13500055322
1230813	1164	1	DR	1.8	8046669	13500055322
1800250	1144	1	DR	1.79	8046669	13500055322
1187773	1132	1	DR	1.99	642166	13500055322
1202127	1116	1	DR	0.99	8003043	13500055332
1202127	1128	1	DR	0.99	8003043	13500055332
1202127	1128	1	DR	0.99	8003043	13500055332
1227611	1152	1	DR	1.79	8003043	13500055332
1143370	1127	1	DR	1.79	8003059	13500055332
1139683	1144	1	DR	1.79	8046669	13500055332
1193011	1121	1	DR	0.99	8046669	13500055332
1212340	1149	3	DR	5.76	8046669	13500055332
3132183	1143	1	DR	1.99	651444	13500055332
1305375	1147	1	DR	1.49	8003042	13500055332
1193508	1164	1	DR	1.99	8000583	13500055332
1815241	1146	1	DR	2.99	8003043	13500055342
1137190	1117	2	DR	4.98	8003059	13500055342
3113589	1115	1	DR	2.99	651444	13500055342
3336347	1142	2	DR	3.98	651444	13500055342
1310557	1123	1	DR	2.99	650679	13500055342
1137273	1128	1	DR	0.99	8003043	13500055800
1316612	1115	1	DR	1.79	8003043	13500055800
1318311	1128	3	DR	2.97	8003043	13500055800
1405241	1151	1	DR	1.79	8003043	13500055800
1143370	1121	1	DR	0.99	8003059	13500055800
1212340	1149	1	DR	1.79	8046669	13500055800
1213983	1143	3	DR	5.52	8046669	13500055800
1213983	1161	1	DR	1.8	8046669	13500055800
1213983	1161	1	DR	1.8	8046669	13500055800
1807214	1121	2	DR	2.94	8046669	13500055800
1313403	1124	2	DR	0.98	642166	13500055800
1313403	1124	1	DR	0.49	642166	13500055800
1305375	1139	2	DR	4.58	8003042	13500055901
1189696	1152	1	DR	2.99	8003043	13500055902
1196451	1144	2	DR	3.98	8003043	13500055902
1309815	1155	1	DR	2.69	8003043	13500055902
1200436	1148	1	DR	1.79	8003059	13500055902
1223099	1144	1	DR	1.99	8003059	13500055902
1145599	1162	1	DR	1.99	8046669	13500055902
1201616	1153	1	DR	2.99	8046669	13500055902
1217059	1153	1	DR	2.99	8046669	13500055902
3112938	1161	1	DR	2.99	651444	13500055902
3377416	1150	1	DR	2.99	651444	13500055902
3817205	1144	1	DR	1.99	651444	13500055902
1201103	1165	1	DR	2.99	8000583	13500055902
1212100	1143	2	DR	3.98	8003043	13500055903
1401422	1161	1	DR	1.99	8003043	13500055903
1401422	1161	1	DR	1.99	8003043	13500055903
1145599	1132	1	DR	2.99	8046669	13500055903
1145599	1132	1	DR	0.6	8046669	13500055903
3333500	1153	1	DR	2.99	651444	13500055903
1312843	1142	1	DR	2.99	8003042	13500055903
1201103	1165	1	DR	2.99	8000583	13500055903
1186940	1125	1	DR	2.43	8003043	13500055905
1189696	1144	1	DR	1.99	8003043	13500055905
1309815	1155	1	DR	2.69	8003043	13500055905
1113423	1144	1	DR	1.99	8003059	13500055905
1113423	1144	1	DR	1.99	8003059	13500055905
1145441	1144	1	DR	1.99	8046669	13500055905
1145441	1144	1	DR	1.99	8046669	13500055905
1145599	1134	1	DR	2.99	8046669	13500055905
1145599	1134	1	DR	0.6	8046669	13500055905
1145599	1144	1	DR	1.99	8046669	13500055905
1217059	1153	1	DR	2.99	8046669	13500055905
1131268	1144	1	DR	1.99	8003043	13500055910
1144923	1119	4	DR	1.96	8003043	13500055910
1189696	1144	3	DR	5.97	8003043	13500055910
1189696	1152	1	DR	2.99	8003043	13500055910
1309815	1155	5	DR	12.45	8003043	13500055910
1200436	1148	1	DR	1.79	8003059	13500055910
1145599	1144	1	DR	1.99	8046669	13500055910
1183095	1144	2	DR	4.48	8046669	13500055910
1201616	1153	1	DR	2.99	8046669	13500055910
1401554	1144	1	DR	1.99	8046669	13500055910
1401554	1144	1	DR	1.99	8046669	13500055910
3133462	1128	1	DR	2.99	651444	13500055910
3327015	1144	1	DR	1.99	651444	13500055910
1809798	1118	1	DR	2.49	642166	13500055910
1204461	1118	1	DR	2.49	8003042	13500055910
1201103	1165	3	DR	8.97	8000583	13500055910
3377614	1144	1	DR	2.24	1091828	13500055910
1206342	1154	1	DR	2.99	8003043	13500055911
1313346	1148	2	DR	3.58	8003043	13500055911
1147611	1144	1	DR	1.99	8046669	13500055911
1311852	1118	1	DR	2.49	650679	13500055911
1311852	1118	1	DR	2.49	650679	13500055911
1201103	1165	1	DR	2.99	8000583	13500055911
1114413	1143	1	DR	1.79	8003043	13500057900
1189696	1120	4	DR	3.96	8003043	13500057900
1219154	1128	1	DR	0.99	8003043	13500057900
1219154	1128	1	DR	0.99	8003043	13500057900
1800060	1128	1	DR	0.99	8003043	13500057900
1226704	1143	1	DR	1.79	8003059	13500057900
1305581	1144	2	DR	3.58	8003059	13500057900
1129791	1164	1	DR	1.8	8046669	13500057900
1192500	1146	2	DR	3.58	8046669	13500057900
1193011	1121	1	DR	0.99	8046669	13500057900
1230177	1116	1	DR	0.99	8046669	13500057900
1230177	1116	1	DR	0.99	8046669	13500057900
1800250	1144	1	DR	1.79	8046669	13500057900
3315820	1127	1	DR	1.99	651444	13500057900
3395616	1118	1	DR	1.99	651444	13500057900
1313403	1123	1	DR	0.99	642166	13500057900
1405415	1120	2	DR	3.98	8000583	13500057900
1405415	1120	2	DR	3.98	8000583	13500057900
1189696	1143	1	DR	1.99	8003043	13500058401
1401422	1128	1	DR	2.99	8000583	13500058401
1208009	1155	1	DR	3.79	8003043	13500068602
1222786	1155	2	DR	7.58	8003043	13500068602
1230011	1158	1	DR	2.49	8003043	13500068602
3309443	1150	1	DR	0.49	651444	13500068602
3800391	1131	1	DR	3.29	651444	13500068602
1142596	1132	1	DR	2.49	650679	13500068602
1107367	1130	1	DR	2.49	8046669	13500068603
1303776	1158	1	DR	2.49	8046669	13500068603
1303776	1158	1	DR	2.49	8046669	13500068603
3130781	1130	1	DR	0.57	651444	13500068603
3322578	1150	1	DR	2.99	651444	13500068603
3356279	1130	2	DR	1.14	651444	13500068603
3376590	1124	1	DR	2.49	651444	13500068603
3805705	1130	1	DR	0.57	651444	13500068603
3817569	1122	1	DR	3.29	651444	13500068603
1181040	1131	1	DR	2.49	8000583	13500068603
1206342	1154	1	DR	3.79	8003043	13500068604
1208009	1155	1	DR	3.79	8003043	13500068604
1145573	1158	2	DR	4.98	8046669	13500068604
1219774	1154	1	DR	3.79	8046669	13500068604
3328294	1124	1	DR	2.49	651444	13500068604
3328294	1124	1	DR	2.49	651444	13500068604
3350744	1150	2	DR	6.36	651444	13500068605
1144923	1119	4	DR	1.96	8003043	13500068650
1202507	1123	2	DR	1.98	8003043	13500068650
1116699	1149	1	DR	3.79	8003059	13500068650
1116699	1149	1	DR	3.79	8003059	13500068650
1215608	1154	1	DR	3.79	8003059	13500068650
1303776	1138	3	DR	8.25	8003059	13500068650
1145599	1154	1	DR	3.79	8046669	13500068650
1145599	1154	2	DR	4.54	8046669	13500068650
1145599	1154	1	DR	0.76	8046669	13500068650
3128066	1124	1	DR	2.49	651444	13500068650
3309443	1150	1	DR	3.26	651444	13500068650
3311993	1143	1	DR	3.29	651444	13500068650
3315820	1140	1	DR	2.49	651444	13500068650
3327015	1129	1	DR	3.29	651444	13500068650
3329490	1131	1	DR	3.29	651444	13500068650
3356279	1150	2	DR	6.24	651444	13500068650
1123752	1131	1	DR	2.49	650679	13500068650
1223107	1149	1	DR	3.49	650679	13500068650
1215608	1154	1	DR	3.79	8003059	13500068660
1219774	1154	1	DR	3.79	8046669	13500068660
1401877	1132	1	DR	2.49	8003042	13500068660
1113423	1144	1	DR	3.79	8003043	13500068670
1190660	1143	1	DR	3.79	8003043	13500068670
1132308	1158	5	DR	13.25	8046669	13500068670
1145599	1154	2	DR	4.54	8046669	13500068670
1145599	1154	2	DR	4.54	8046669	13500068670
3305318	1115	1	DR	3.29	651444	13500068670
3322578	1150	1	DR	3.29	651444	13500068670
1198168	1143	1	DR	2.49	8003042	13500068670
1319053	1153	1	DR	2.61	8000583	13500068670
1319053	1153	1	DR	2.61	8000583	13500068670
3807081	1159	1	DR	2.99	651444	13500068699
3312645	1116	1	DR	3.99	651444	13500078590
3374371	1117	1	DR	4.99	651444	13500078590
3817205	1139	1	DR	4.99	651444	13500078590
1145599	1127	1	DR	1.25	8046669	15310000131
1145599	1134	1	DR	1.5	8046669	15310000131
1142620	1126	2	DR	4	650679	15310000131
1191098	1163	1	DR	2.99	650679	15310000131
1100503	1120	1	DR	2.99	642166	15310000135
1319871	1125	4	DR	8	8000583	15310000135
1145615	1132	1	DR	2.99	8046669	15310000150
1228619	1116	2	DR	2.98	8046669	15310000150
1228619	1137	2	DR	2.98	8046669	15310000150
1228619	1144	2	DR	2.98	8046669	15310000150
1228619	1164	1	DR	1.79	8046669	15310000150
1228619	1164	1	DR	1.79	8046669	15310000150
3339382	1115	1	DR	3.49	651444	15310000160
1145441	1128	2	DR	2.48	8046669	15310000218
1191874	1147	1	DR	2.99	8003042	15310000218
1218586	1116	2	DR	2.98	8003043	15310000620
1227017	1144	1	DR	1.5	8003043	15310000620
1117606	1116	1	DR	1.5	8003059	15310000620
1307579	1134	1	DR	1.5	8046669	15310000620
1316398	1116	1	DR	1.5	8046669	15310000620
1316398	1116	3	DR	4.47	8046669	15310000620
1316398	1116	1	DR	1.49	8046669	15310000620
1316398	1116	1	DR	1.49	8046669	15310000620
3130781	1126	1	DR	1.99	651444	15310000620
1191874	1147	1	DR	2.24	8003042	15310000620
1309138	1128	1	DR	1.24	8003059	15310000630
1309138	1128	1	DR	1.25	8003059	15310000630
1191874	1147	1	DR	2.24	8003042	15310000630
1228619	1126	1	DR	2.5	8003042	15310000630
1228619	1126	1	DR	2.5	8003042	15310000630
1228619	1147	1	DR	2.24	8003042	15310000630
1405621	1120	1	DR	3.29	8003042	15310000630
1142620	1126	2	DR	5	650679	15310000630
1228619	1134	1	DR	2.28	662928	15310000630
1228619	1134	1	DR	2.28	662928	15310000630
1228619	1134	1	DR	2.28	662928	15310000630
1198390	1115	1	DR	3.59	8003043	15310000640
1227017	1144	1	DR	1.49	8003043	15310000640
1303230	1123	3	DR	5.76	8046669	15310000640
1307579	1134	1	DR	1.49	8046669	15310000640
1204461	1134	1	DR	2.5	8003042	15310000640
1206375	1157	1	DR	2.49	650679	17094200153
1141739	1127	2	DR	2.18	8003043	17094200462
3130401	1147	1	DR	1	651444	17094200462
3132183	1155	1	DR	1.99	651444	17094200462
3306191	1153	1	DR	1.99	651444	17094200462
3348912	1153	1	DR	1.99	651444	17094200462
3352062	1147	4	DR	4	651444	17094200462
3368936	1153	1	DR	1.99	651444	17094200462
3372813	1153	1	DR	1.99	651444	17094200462
3814327	1153	1	DR	1.99	651444	17094200462
1302315	1120	1	DR	1.86	8000583	17094200462
1302315	1120	1	DR	1.86	8000583	17094200462
1183095	1160	4	DR	5.96	8003043	17094200470
1183095	1159	4	DR	5.96	8046669	17094200470
1183095	1160	2	DR	2.98	8046669	17094200470
1183095	1161	2	DR	1.98	8046669	17094200470
1183095	1161	2	DR	2	8046669	17094200470
1184655	1159	2	DR	2.98	8046669	17094200470
3110528	1147	1	DR	1	651444	17094200470
3115857	1155	1	DR	1.99	651444	17094200470
3131474	1153	1	DR	1.99	651444	17094200470
3137083	1156	1	DR	1.99	651444	17094200470
3302299	1153	1	DR	1.99	651444	17094200470
3311993	1154	1	DR	1.99	651444	17094200470
3312645	1147	1	DR	1	651444	17094200470
3312645	1155	1	DR	1.99	651444	17094200470
3321026	1153	1	DR	1.99	651444	17094200470
3327015	1118	1	DR	2.49	651444	17094200470
3327015	1118	1	DR	2.49	651444	17094200470
3327015	1155	1	DR	1.99	651444	17094200470
3327015	1155	1	DR	1.99	651444	17094200470
3339374	1155	1	DR	1.99	651444	17094200470
3346783	1153	2	DR	3.98	651444	17094200470
3350744	1156	1	DR	1.99	651444	17094200470
3369801	1154	1	DR	1.99	651444	17094200470
3805705	1155	1	DR	1.99	651444	17094200470
3831297	1154	1	DR	1.99	651444	17094200470
3834002	1155	1	DR	1.99	651444	17094200470
1141739	1127	1	DR	1.99	8003043	17094200472
3100560	1146	1	DR	1	651444	17094200472
3100560	1153	1	DR	1.99	651444	17094200472
3102400	1153	1	DR	1.99	651444	17094200472
3130401	1147	1	DR	1	651444	17094200472
3139097	1155	1	DR	1.99	651444	17094200472
3311720	1153	1	DR	1.99	651444	17094200472
3347799	1152	1	DR	1.99	651444	17094200472
3348912	1153	1	DR	1.99	651444	17094200472
3356576	1154	1	DR	1.99	651444	17094200472
3801498	1154	1	DR	1.99	651444	17094200472
1145706	1152	1	DR	3.99	8003043	17094212129
3128066	1130	1	DR	4.79	651444	17094212129
3128066	1130	1	DR	4.79	651444	17094212129
3128066	1130	2	DR	9.58	651444	17094212129
3131474	1128	1	DR	4.99	651444	17094212129
3131474	1130	1	DR	4.79	651444	17094212129
3133660	1139	1	DR	3.99	651444	17094212129
3302919	1127	1	DR	4.99	651444	17094212129
3306191	1127	1	DR	4.99	651444	17094212129
3310433	1130	1	DR	4.79	651444	17094212129
3311720	1127	1	DR	4.99	651444	17094212129
3311993	1127	1	DR	4.99	651444	17094212129
3311993	1127	1	DR	4.99	651444	17094212129
3312645	1130	1	DR	4.79	651444	17094212129
3314443	1130	1	DR	4.79	651444	17094212129
3317842	1127	1	DR	4.99	651444	17094212129
3321026	1128	1	DR	4.99	651444	17094212129
3333898	1127	3	DR	14.97	651444	17094212129
3339374	1127	1	DR	4.99	651444	17094212129
3346783	1126	1	DR	4.99	651444	17094212129
3346783	1130	2	DR	9.58	651444	17094212129
3368936	1127	1	DR	4.99	651444	17094212129
3807081	1127	1	DR	4.99	651444	17094212129
3808899	1127	1	DR	4.99	651444	17094212129
3808899	1154	1	DR	4.99	651444	17094212129
3826073	1128	1	DR	4.99	651444	17094212129
3100560	1129	1	DR	4.79	651444	17094212130
3128066	1130	1	DR	4.79	651444	17094212130
3302299	1128	1	DR	4.99	651444	17094212130
3328294	1130	1	DR	4.79	651444	17094212130
3328294	1130	1	DR	4.79	651444	17094212130
3348912	1129	2	DR	9.98	651444	17094212130
3376590	1129	1	DR	4.99	651444	17094212130
3801498	1126	1	DR	4.99	651444	17094212130
3803635	1127	1	DR	4.99	651444	17094212130
3803635	1129	1	DR	4.99	651444	17094212130
3814327	1127	1	DR	4.99	651444	17094212130
1114678	1155	1	DR	1.69	642166	17094240111
1132142	1164	1	DR	1.69	8003042	17094240111
1232561	1120	1	DR	1.49	8000583	17094240111
1232561	1120	1	DR	1.49	8000583	17094240111
1232561	1120	1	DR	1.49	8000583	17094240111
1232561	1120	1	DR	1.49	8000583	17094240111
1316729	1129	1	DR	1.99	8000583	17094240111
1137273	1161	1	DR	2.49	8003043	17094240218
1137331	1164	1	DR	2.49	8046669	17094240218
1108043	1146	2	DR	2.98	8003043	17094240430
1108043	1160	2	DR	2.98	8003043	17094240430
1131268	1116	1	DR	1.5	8003043	17094240430
1197384	1160	1	DR	1.5	8003043	17094240430
1197384	1160	1	DR	1.49	8003043	17094240430
1105775	1160	1	DR	1.5	8046669	17094240430
1105775	1160	1	DR	1.49	8046669	17094240430
1132308	1135	3	DR	5.97	8046669	17094240430
1310995	1160	1	DR	1.5	8046669	17094240430
1310995	1160	1	DR	1.49	8046669	17094240430
3105502	1155	1	DR	1.99	651444	17094240430
3120188	1155	1	DR	1.99	651444	17094240430
3128066	1153	1	DR	1.99	651444	17094240430
3128066	1153	1	DR	1.99	651444	17094240430
3130401	1132	1	DR	1.99	651444	17094240430
3132183	1153	1	DR	1.99	651444	17094240430
3135657	1155	1	DR	1.99	651444	17094240430
3302299	1153	1	DR	1.99	651444	17094240430
3310433	1152	1	DR	1.99	651444	17094240430
3313254	1153	1	DR	1.99	651444	17094240430
3317842	1153	1	DR	1.99	651444	17094240430
3328294	1154	1	DR	1.99	651444	17094240430
3376590	1153	1	DR	1.99	651444	17094240430
1100164	1146	2	DR	3.48	8003043	17094240432
1199893	1137	1	DR	2.49	8046669	17094240432
1315697	1158	2	DR	2.98	8046669	17094240432
3131912	1117	2	DR	3.58	651444	17094240432
3835967	1154	1	DR	1.99	1091828	17094240432
1110973	1158	2	DR	4.98	642166	17094240460
1189290	1163	2	DR	4.98	650679	17094240460
1206375	1114	1	DR	0.55	8046669	17094240462
1302315	1125	1	DR	2.19	8046669	17094240462
1110973	1158	1	DR	2.49	642166	17094240462
1313403	1158	1	DR	2.49	642166	17094240462
1151522	1161	1	DR	2.49	8000583	17094240462
1126615	1153	2	DR	2.9	8003043	18040000362
1408740	1114	2	DR	3.98	8003059	18040000540
1100180	1162	1	DR	3.99	8003042	18040000851
1138065	1146	1	DR	2.99	650679	18040000851
1198606	1133	1	DR	2.99	8000583	18040000851
1100180	1162	1	DR	3.99	8003042	18040000852
1142596	1161	1	DR	3.99	8003042	18040000852
1113423	1139	1	DR	2.49	8003043	21111359360
1230540	1140	1	DR	2.49	8003043	21111359360
1100206	1118	1	DR	2.99	662928	21111364760
3116756	1164	1	DR	2.99	651444	23500055853
3336347	1130	1	DR	2.99	651444	23500055853
3336347	1142	2	DR	4.78	651444	23500055853
3395129	1164	1	DR	2.99	651444	23500055853
1189696	1143	1	DR	1.99	8003043	23500056000
1217091	1144	1	DR	1.99	8003043	23500056000
1313445	1144	1	DR	1.99	8003043	23500056000
1137190	1114	2	DR	5.38	8003059	23500056000
3336347	1142	2	DR	4.78	651444	23500056000
1245068	1141	1	DR	2.99	8003042	23500056000
1318444	1126	1	DR	0.74	8003042	23500056005
1802348	1128	1	DR	0.74	8003042	23500056005
1138941	1127	1	DR	0.74	650679	23500056005
1246116	1140	1	DR	3.29	8003043	23500068500
1246116	1140	1	DR	3.29	8003043	23500068500
1111971	1144	1	DR	1.99	8003059	23500068500
1111971	1144	1	DR	1.99	8003059	23500068500
3327015	1129	1	DR	2.99	651444	23500068500
1130930	1123	1	DR	2.99	650679	23700000293
1402792	1145	1	DR	2	8000583	23700000293
3381251	1114	2	DR	5.18	651444	23700000869
3106013	1155	1	DR	1.99	651444	27094200460
3136804	1152	1	DR	1.99	651444	27094200460
3311993	1153	1	DR	1.99	651444	27094200460
3314443	1156	1	DR	1.99	651444	27094200460
3327015	1118	2	DR	3.58	651444	27094200460
3348607	1153	1	DR	1.99	651444	27094200460
3808899	1132	2	DR	3.9	651444	27094200460
3834762	1155	1	DR	1.99	651444	27094200460
1100503	1137	1	DR	1.86	650679	27094200460
1198432	1153	1	DR	2.49	650679	27094200460
1308577	1130	1	DR	2.99	8003059	31111301330
1141739	1158	1	DR	2.99	8003043	33700000364
1185645	1149	1	DR	2.99	8046669	33700000364
3308593	1136	2	DR	6.98	651444	33700000364
1406819	1130	1	DR	2.19	642166	33700000364
1204461	1145	1	DR	2	8003042	43700000294
1222786	1136	1	DR	2	650679	43700000294
1189290	1136	1	DR	2	8000583	43700000294
1180273	1127	2	DR	4.56	8003043	43700000302
1803148	1129	1	DR	1.49	8003043	43700000302
3327015	1114	1	DR	2.5	651444	43700000302
1802280	1125	1	DR	0.79	8000583	43700000302
1182873	1116	2	DR	7.98	8003043	43700000355
1141010	1127	1	DR	3.99	8046669	43700000355
1245001	1148	1	DR	2.76	8000583	43700000355
1230011	1154	1	DR	2.49	8003043	43700000365
1245944	1154	1	DR	2.49	8003043	43700000365
3302208	1131	1	DR	2.39	651444	43700000365
3309443	1131	1	DR	2.39	651444	43700000365
1133959	1131	2	DR	4.38	8000583	43700000365
1313908	1114	2	DR	9.98	8003043	53700000361
1143248	1162	1	DR	4.99	8003043	310041060636
3100560	1161	1	DR	4.99	651444	310041060636
3135657	1161	1	DR	4.99	651444	310041060636
3328294	1163	1	DR	4.99	651444	310041060636
3840611	1164	1	DR	4.99	651444	310041060636
1230011	1159	1	DR	3.99	8003043	310041060637
3136804	1160	1	DR	4.99	651444	310041060637
3327015	1163	1	DR	4.99	651444	310041060637
3831297	1163	1	DR	4.99	651444	310041060637
3132183	1162	1	DR	4.99	651444	310041060638
3139097	1162	1	DR	4.99	651444	310041060638
3140814	1164	1	DR	4.99	651444	310041060638
3304121	1162	1	DR	4.99	651444	310041060638
3328294	1163	1	DR	4.99	651444	310041060638
3348912	1163	2	DR	9.98	651444	310041060638
3368936	1162	1	DR	4.99	651444	310041060638
3814327	1161	1	DR	4.99	651444	310041060638
1131268	1124	2	DR	8.92	8003043	310041060639
3106013	1164	1	DR	4.99	651444	310041060639
3128066	1164	1	DR	4.99	651444	310041060639
1113423	1135	2	DR	7.4	8046669	310041060640
3115857	1161	1	DR	4.99	651444	310041060640
3314443	1163	1	DR	4.99	651444	310041060640
3333898	1161	1	DR	4.99	651444	310041060640
3346783	1160	2	DR	9.98	651444	310041060640
3376590	1164	1	DR	4.99	651444	310041060640
3131508	1163	1	DR	4.99	651444	310041060641
3302299	1163	1	DR	4.99	651444	310041060641
3312645	1161	1	DR	4.99	651444	310041060641
3321026	1162	1	DR	4.99	651444	310041060641
3801498	1161	1	DR	4.99	651444	310041060641
3835967	1162	1	DR	4.99	1091828	310041060641
1190009	1137	1	DR	1.49	8003043	310041080160
1198986	1116	2	DR	4.74	8003043	310041080160
1227611	1120	1	DR	2.69	8003043	310041080160
1303180	1159	2	DR	3.54	8003043	310041080160
1319137	1137	1	DR	1.49	8003043	310041080160
1402883	1124	2	DR	5.38	8003043	310041080160
1101162	1137	1	DR	1.49	8046669	310041080160
1126946	1149	1	DR	2.95	8003043	310041080700
1310557	1126	2	DR	5.66	8046669	310041080700
1405027	1118	1	DR	2.99	8003042	310041080700
1225904	1123	2	DR	4.18	8003043	310041081465
1319137	1137	1	DR	1.5	8003043	310041081465
1134114	1163	1	DR	1.5	8003059	310041081465
1132142	1164	2	DR	4.94	8046669	310041081465
1319137	1137	1	DR	1.5	8003043	310041084000
1403121	1148	1	DR	1.49	8046669	310041084000
1406819	1152	1	DR	0.74	8003043	310041085114
3317842	1157	1	DR	2.99	651444	310041085120
3339374	1124	2	DR	4.98	651444	310041085120
3348607	1157	1	DR	2.99	651444	310041085120
3808899	1157	1	DR	2.99	651444	310041085120
3814327	1158	1	DR	2.99	651444	310041085120
1137422	1145	1	DR	2.99	8000583	310041085120
1316729	1129	1	DR	2.99	8000583	310041085120
3132183	1157	1	DR	2.99	651444	310041085121
3347799	1157	1	DR	2.99	651444	310041085121
3807081	1139	1	DR	2.49	651444	310041085121
1189217	1163	1	DR	2.99	642166	310041085121
1141168	1122	1	DR	2.99	650679	310041085121
1316729	1129	1	DR	2.99	8000583	310041085121
1143248	1164	1	DR	2.49	8003043	310041085561
1200436	1151	1	DR	2	8003043	310041085561
1200436	1151	1	DR	1.99	8003043	310041085561
1223222	1147	3	DR	5.85	8003059	310041085561
1191874	1151	1	DR	2	8046669	310041085561
1225904	1141	2	DR	3.98	8046669	310041085561
3106013	1136	1	DR	2.49	651444	310041085561
3377770	1137	1	DR	2.49	651444	310041085561
3823120	1130	1	DR	3.49	651444	310041085561
1312843	1128	1	DR	2.99	8003042	310041085561
1119842	1136	1	DR	2.99	650679	310041085561
1100503	1163	1	DR	2.99	8003043	310041085562
1145938	1147	1	DR	1.75	8003043	310041085562
1145938	1147	1	DR	1.74	8003043	310041085562
1191874	1151	1	DR	1.99	8046669	310041085562
3100560	1156	1	DR	2.99	651444	310041085562
1325977	1127	1	DR	2.99	8003042	310041085562
1143248	1164	1	DR	2.5	8003043	310041086736
1318378	1151	1	DR	1.99	8003043	310041086736
1318378	1151	1	DR	2	8003043	310041086736
1202218	1164	2	DR	4.98	8003059	310041086736
3302299	1158	1	DR	2.99	651444	310041086736
3312645	1160	1	DR	2.99	651444	310041086736
3328294	1160	3	DR	8.97	651444	310041086736
3339069	1136	1	DR	3.49	651444	310041086736
3348458	1160	1	DR	2.99	651444	310041086736
3376590	1124	2	DR	4.98	651444	310041086736
1140632	1156	1	DR	2.99	8000583	310041086736
1408260	1132	3	DR	8.97	8003042	310041086737
1126615	1151	1	DR	2	8003043	310041662122
1145599	1124	2	DR	3.58	8046669	310041662122
1111971	1156	1	DR	3.99	8003059	310041663199
1213785	1117	1	DR	1.94	8000583	318137007098
1213785	1117	1	DR	1.94	8000583	318137007098
1109447	1128	1	DR	1.39	8003043	318137007120
1137190	1114	1	DR	1.5	8003043	318137007120
3801423	1152	2	DR	4.98	651444	318137007245
1812982	1150	2	DR	3.48	8003043	318137007256
3106823	1158	1	DR	3.49	651444	318137007256
3115857	1157	1	DR	3.49	651444	318137007256
3136804	1156	1	DR	3.49	651444	318137007256
3310433	1157	1	DR	3.49	651444	318137007256
3311993	1157	2	DR	6.98	651444	318137007256
3312645	1157	1	DR	3.49	651444	318137007256
3317842	1157	1	DR	3.49	651444	318137007256
3328294	1160	1	DR	3.49	651444	318137007256
3333898	1157	2	DR	6.98	651444	318137007256
3346783	1160	2	DR	6.98	651444	318137007256
3376590	1160	1	DR	3.49	651444	318137007256
3808899	1157	1	DR	3.49	651444	318137007256
3834739	1158	1	DR	3.49	651444	318137007256
1119230	1163	1	DR	3.19	8003042	318137007256
1119230	1163	1	DR	3.19	8003042	318137007256
1316240	1160	1	DR	2.99	8000583	318137007256
1316240	1160	1	DR	2.99	8000583	318137007256
3100560	1156	1	DR	3.49	651444	318137007257
3107094	1157	1	DR	3.49	651444	318137007257
3302299	1158	1	DR	3.49	651444	318137007257
3321026	1160	1	DR	3.49	651444	318137007257
3328294	1160	2	DR	6.98	651444	318137007257
3330977	1157	1	DR	3.49	651444	318137007257
3333898	1157	3	DR	10.47	651444	318137007257
3346783	1157	1	DR	3.49	651444	318137007257
3348912	1157	2	DR	6.98	651444	318137007257
3801498	1157	1	DR	3.49	651444	318137007257
3805705	1157	1	DR	3.49	651444	318137007257
3814327	1158	1	DR	3.49	651444	318137007257
1210146	1162	1	DR	3.19	8000583	318137007257
1210146	1162	1	DR	3.19	8000583	318137007257
3835967	1157	1	DR	3.49	1091828	318137007257
1113423	1149	1	DR	3.49	8003043	318137007282
3106013	1157	1	DR	2.99	651444	318137007302
1145706	1122	1	DR	1.49	8003043	318137007322
1219154	1132	1	DR	2.5	8046669	318137007322
3127159	1162	2	DR	5.84	651444	318137007322
3302208	1131	1	DR	2.49	651444	318137007322
1100503	1122	1	DR	1.49	8003043	318137007324
3135749	1163	1	DR	2.99	651444	318137007324
1195339	1131	1	DR	2.5	8003059	318137007354
1219154	1122	1	DR	1.49	8046669	318137007354
3302208	1131	1	DR	2.5	651444	318137007354
3135749	1163	1	DR	2.99	651444	318137007355
1100503	1122	1	DR	1.5	8003043	318137007401
3112151	1153	2	DR	4.98	651444	318137007401
3322479	1131	2	DR	4.98	651444	318137007401
3346817	1152	1	DR	2.49	651444	318137007401
1404806	1132	3	DR	5.79	650679	318137007401
1245001	1116	1	DR	1.94	8000583	318137007401
1305896	1165	1	DR	2.89	642166	318137007402
1227017	1117	1	DR	1.5	8003043	318137007421
1102012	1165	1	DR	3.99	8003059	318137007421
1130310	1122	2	DR	2.98	8003059	318137007421
1407007	1158	2	DR	4.98	8046669	318137007424
1180273	1131	2	DR	4.62	8003043	318137007428
1142158	1131	1	DR	1.64	8003043	318137007429
1126615	1132	2	DR	4.98	8003043	318137007430
1227017	1142	2	DR	4.98	8003043	318137007430
1219154	1122	1	DR	1.5	8046669	318137007430
3304311	1163	1	DR	2.99	651444	318137007430
1180976	1146	1	DR	3.89	8003042	318137007430
1245001	1116	1	DR	2.34	8000583	318137007430
3304311	1163	1	DR	2.99	651444	318137007433
3807081	1124	1	DR	2.99	651444	318137007792
3824185	1136	2	DR	5.98	651444	318137007792
1202218	1116	1	DR	2.59	8003059	318137117419
1208272	1116	1	DR	2.59	8003059	318137127269
1223677	1126	1	DR	1.5	8046669	320041080100
1101162	1137	1	DR	1.5	8046669	320041080140
1124677	1140	1	DR	2.69	8046669	320041080140
3318808	1133	2	DR	5.98	651444	320041080140
1137190	1151	2	DR	4.98	8003043	320041080200
1137190	1154	2	DR	4.98	8003043	320041080200
1137190	1159	2	DR	3.78	8003043	320041080200
1137190	1162	2	DR	2.98	8003043	320041080200
1190009	1137	1	DR	1.5	8003043	320041080200
1219741	1149	2	DR	2.98	8003043	320041080200
1227017	1126	1	DR	1.49	8003043	320041080200
1100560	1149	1	DR	1.5	8003059	320041080200
1130351	1157	1	DR	1.5	8003059	320041080200
1202424	1149	2	DR	3.78	8003059	320041080200
1223677	1126	1	DR	1.49	8046669	320041080200
1223677	1161	2	DR	5.38	8046669	320041080200
3329011	1122	1	DR	2.99	651444	320041080200
3356279	1141	1	DR	2.29	651444	320041080200
3377770	1122	2	DR	5.98	651444	320041080200
1137190	1154	2	DR	5.38	642166	320041080200
1116558	1137	1	DR	1.49	8003043	320041080400
1303180	1159	1	DR	1.5	8003043	320041080400
1310508	1137	1	DR	1.49	8003059	320041080400
1310508	1137	1	DR	1.5	8003059	320041080400
1403121	1148	1	DR	1.5	8046669	320041080400
1217521	1125	2	DR	5.38	8000583	320041080400
1108829	1130	2	DR	4.98	8003043	320041084100
1116558	1137	1	DR	1.5	8003043	320041084100
1137190	1159	1	DR	1.49	8003043	320041084100
1225904	1123	2	DR	5.38	8003043	320041084100
1227017	1126	1	DR	1.5	8003043	320041084100
1100560	1149	1	DR	1.49	8003059	320041084100
1130351	1157	1	DR	1.49	8003059	320041084100
1144055	1137	1	DR	1.49	8003059	320041084100
1144055	1137	1	DR	1.5	8003059	320041084100
1181214	1137	1	DR	1.5	8046669	320041084100
1181214	1137	1	DR	1.49	8046669	320041084100
3329011	1122	1	DR	2.99	651444	320041084100
3356279	1141	1	DR	2.49	651444	320041084100
3356279	1142	1	DR	1.24	651444	320041084100
3356279	1142	1	DR	1.24	651444	320041084100
3818823	1146	1	DR	1.5	1091828	320041084100
1126615	1151	2	DR	3.98	8003043	320041085107
1185694	1151	1	DR	2	8003043	320041085107
3106823	1158	1	DR	2.99	651444	320041085107
3376590	1159	1	DR	2.99	651444	320041085107
3396481	1118	1	DR	3.49	651444	320041085107
3396481	1121	1	DR	3.49	651444	320041085107
1140053	1130	2	DR	5.96	8003043	320041085112
1132837	1128	1	DR	2.99	8003059	320041085112
1212878	1133	1	DR	2.99	642166	320041085112
1400234	1132	1	DR	2.99	642166	320041085112
1100503	1163	1	DR	2.99	8003043	320041085113
3311720	1160	1	DR	2.99	651444	320041085113
3333898	1157	1	DR	2.99	651444	320041085113
3347799	1156	1	DR	2.99	651444	320041085113
3348912	1157	2	DR	5.98	651444	320041085113
1139709	1161	1	DR	2	8046669	320041085115
3136804	1159	1	DR	2.99	651444	320041085115
3333898	1157	2	DR	5.98	651444	320041085115
3333898	1157	1	DR	2.99	651444	320041085115
3333898	1157	1	DR	2.99	651444	320041085115
3835967	1157	1	DR	2.99	1091828	320041085115
1185694	1151	1	DR	1.99	8003043	320041085117
1304469	1147	2	DR	3.48	8003043	320041085117
1180844	1164	2	DR	4.98	8003059	320041085117
1190033	1124	1	DR	2.99	642583	320041085117
3311993	1157	1	DR	2.99	651444	320041085117
3311993	1157	1	DR	2.99	651444	320041085117
3376590	1137	1	DR	2.49	651444	320041085117
3393306	1160	1	DR	2.99	651444	320041085117
1319137	1137	1	DR	1.49	8003043	320041086852
1141010	1127	1	DR	2.79	8046669	320041086852
3133306	1136	1	DR	2.99	651444	320041086852
1145706	1122	1	DR	1.5	8003043	328137007201
1145706	1122	1	DR	1.5	8003043	328137007201
1227017	1117	1	DR	1.49	8003043	328137007201
3346817	1152	1	DR	2.49	651444	328137007201
3814442	1114	2	DR	5.58	651444	328137007201
1402792	1163	1	DR	2.23	642166	328137007201
1206342	1141	2	DR	5.48	8003043	328137007202
1305896	1165	1	DR	2.79	642166	328137007202
3106443	1139	2	DR	3.18	651444	328992610600
3106443	1158	3	DR	4.77	651444	328992610600
3308734	1137	2	DR	3.18	651444	328992610600
1143248	1164	1	DR	2.99	8003043	715207700171
1151522	1161	1	DR	2.99	8000583	715207700171
1190660	1140	1	DR	2.99	8046669	715207700238
1198432	1153	1	DR	2.99	650679	715207700238
1108829	1130	1	DR	2.53	8003043	715207700241
1143248	1164	1	DR	2.99	8003043	715207700241
1317297	1128	2	DR	4.7	8003043	715207700241
1815506	1161	3	DR	8.19	8003043	715207700241
1196220	1137	1	DR	2.99	8046669	715207700241
1108886	1127	2	DR	5.36	8046669	715207700257
3110528	1147	1	DR	2.69	651444	715207700275
1190009	1163	3	DR	6.96	8003043	715207700279
1325753	1161	1	DR	2.49	8003042	715207700279
1120626	1164	1	DR	2.49	8000583	715207700279
1114207	1135	1	DR	1.59	8000583	8839999877847
1318741	1162	1	DR	1.99	8003043	8839999877848
1185199	1151	1	DR	1.99	8003059	8839999877848
1137273	1137	2	DR	2.92	8003043	8839999877851
1216101	1137	2	DR	7.98	8046669	8839999877855
1137273	1148	2	DR	3	8003043	8839999877856
1408591	1134	1	DR	1.5	8003043	8839999877856
1215608	1146	1	DR	1.99	8003059	8839999877856
1305375	1157	1	DR	1.59	8003042	8839999877856
1114207	1135	1	DR	1.59	8000583	8839999877856
3326199	1145	1	DR	2.99	651444	8839999877859
3807362	1134	1	DR	2.99	651444	8839999877859
1191403	1140	2	DR	3	8003043	8839999877871
1311456	1164	2	DR	4.58	8003059	8839999877871
1808188	1164	1	DR	1.99	8046669	8839999877871
3309443	1119	2	DR	2.98	651444	8839999877871
3375196	1129	1	DR	1.99	651444	8839999877871
3393207	1157	1	DR	1.59	651444	8839999877871
1104703	1123	2	DR	2.22	642166	8839999877871
1107920	1150	2	DR	3.18	642166	8839999877871
1313403	1132	1	DR	1.59	642166	8839999877871
1315556	1126	2	DR	3.18	8003042	8839999877871
1405027	1162	3	DR	4.77	8003042	8839999877871
1206375	1154	1	DR	1.59	650679	8839999877871
1189340	1164	1	DR	1.59	8000583	8839999877871
1808295	1146	4	DR	3.16	8000583	8839999877871
3101139	1146	1	DR	1.54	1091828	8839999877871
3818823	1125	1	DR	0.79	1091828	8839999877871
1153882	1164	1	DR	0.5	8003043	8839999877899
1806885	1130	2	DR	0.66	8003043	8839999877899
1124032	1165	3	DR	1.98	8003059	8839999877899
1114207	1152	2	DR	1.98	8046669	8839999877899
1300798	1157	1	DR	0.99	8046669	8839999877899
1180745	1137	1	DR	0.99	8003042	8839999877899
1106583	1133	1	DR	0.99	8000583	8839999877899
1114207	1135	1	DR	0.99	8000583	8839999877899
1148825	1152	3	DR	2.94	8003043	8839999877903
1197913	1128	1	DR	0.33	8003043	8839999877903
1204420	1130	1	DR	0.33	8003043	8839999877903
1220004	1130	1	DR	0.33	8003043	8839999877903
1226894	1163	3	DR	2.94	8003043	8839999877903
1301754	1130	3	DR	1.62	8003043	8839999877903
1302901	1158	2	DR	1.98	8003043	8839999877903
1305367	1130	1	DR	2.29	8003043	8839999877903
1313346	1122	1	DR	0.33	8003043	8839999877903
1400739	1130	1	DR	0.33	8003043	8839999877903
1401927	1122	1	DR	0.33	8003043	8839999877903
1404251	1165	2	DR	1.46	8003043	8839999877903
1215749	1119	2	DR	1.98	8046669	8839999877903
1810804	1117	1	DR	0.99	650679	8839999877903
1106583	1133	1	DR	0.99	8000583	8839999877903
1198168	1160	1	DR	1.59	8000583	8839999877903
1191239	1122	5	DR	2.25	8003043	8839999877915
1191239	1122	2	DR	1.28	8003043	8839999877915
1204420	1130	3	DR	1.62	8003043	8839999877915
1313346	1126	1	DR	0.99	8003043	8839999877915
1400705	1128	4	DR	1.32	8003043	8839999877915
1401927	1122	1	DR	0.33	8003043	8839999877915
1402883	1124	2	DR	1.98	8003043	8839999877915
1142158	1165	2	DR	1.46	8046669	8839999877915
1230094	1133	4	DR	3.96	8046669	8839999877915
3114322	1153	6	DR	3	651444	8839999877915
3318410	1139	1	DR	0.99	651444	8839999877915
3319806	1141	1	DR	0.99	651444	8839999877915
3319806	1141	1	DR	0.99	651444	8839999877915
3319806	1141	1	DR	0.99	651444	8839999877915
3319806	1147	1	DR	0.99	651444	8839999877915
3325852	1156	2	DR	1.98	651444	8839999877915
3352930	1152	4	DR	3.96	651444	8839999877915
3352930	1152	2	DR	1.98	651444	8839999877915
1123661	1164	2	DR	1.98	650679	8839999877915
1140319	1121	1	DR	0.99	650679	8839999877915
1809079	1146	1	DR	1.99	8003043	8839999877919
1146159	1163	1	DR	1.99	8046669	8839999877919
3100271	1147	1	DR	0.59	651444	8839999877939
3103945	1122	3	DR	1.5	651444	8839999877939
3350744	1136	4	DR	1	651444	8839999877939
3393033	1139	2	DR	1	651444	8839999877939
3130781	1135	1	DR	0.25	651444	8839999877943
3132100	1145	1	DR	0.41	651444	8839999877943
3134668	1157	2	DR	1.08	651444	8839999877943
3318626	1136	2	DR	0.5	651444	8839999877943
3352823	1161	2	DR	0.66	651444	8839999877943
3801498	1135	4	DR	1	651444	8839999877943
1128496	1140	1	DR	1.79	8003043	8839999877954
1146902	1138	1	DR	1.79	8003043	8839999877954
1146902	1138	1	DR	1.79	8003043	8839999877954
1216275	1133	2	DR	3.18	8003043	8839999877954
1216275	1147	2	DR	3.58	8003043	8839999877954
1131102	1159	2	DR	3.58	8046669	8839999877954
1182519	1116	2	DR	3.02	8046669	8839999877954
3111211	1122	3	DR	1.5	651444	8839999877954
3111211	1136	4	DR	1	651444	8839999877954
3114611	1121	3	DR	1.5	651444	8839999877954
3114611	1145	2	DR	1	651444	8839999877954
3131425	1158	1	DR	0.34	651444	8839999877954
3131953	1122	2	DR	1	651444	8839999877954
3134668	1157	1	DR	0.5	651444	8839999877954
3301101	1157	1	DR	0.59	651444	8839999877954
3301655	1128	2	DR	1	651444	8839999877954
3314328	1136	4	DR	1	651444	8839999877954
3323113	1144	1	DR	0.4	651444	8839999877954
3331397	1122	3	DR	1.5	651444	8839999877954
3352823	1161	1	DR	0.33	651444	8839999877954
3352930	1122	3	DR	1.5	651444	8839999877954
3376590	1121	3	DR	1.5	651444	8839999877954
3814442	1114	2	DR	1	651444	8839999877954
3841882	1140	2	DR	1	651444	8839999877954
3835967	1158	1	DR	0.33	1091828	8839999877954
3835967	1158	1	DR	0.33	1091828	8839999877954
1195339	1161	2	DR	2.98	8046669	8839999877968
1812982	1122	3	DR	0.99	8046669	8839999877968
